result_no	generate_no	card_id	
18	0	1
18	0	10
18	0	100
18	0	1002
18	0	1006
18	0	1007
18	0	1008
18	0	1009
18	0	101
18	0	1010
18	0	1011
18	0	1012
18	0	1014
18	0	1015
18	0	1016
18	0	1017
18	0	1018
18	0	1019
18	0	102
18	0	1020
18	0	1021
18	0	1022
18	0	1023
18	0	1024
18	0	1025
18	0	1026
18	0	1027
18	0	1028
18	0	1029
18	0	103
18	0	1031
18	0	1032
18	0	1033
18	0	1034
18	0	1035
18	0	1036
18	0	1037
18	0	1038
18	0	1039
18	0	104
18	0	1040
18	0	1041
18	0	1042
18	0	1043
18	0	1044
18	0	1045
18	0	1046
18	0	1047
18	0	1048
18	0	1049
18	0	105
18	0	1050
18	0	1051
18	0	1052
18	0	1053
18	0	1054
18	0	1055
18	0	1056
18	0	1057
18	0	1058
18	0	1059
18	0	106
18	0	1060
18	0	1061
18	0	1062
18	0	1063
18	0	1064
18	0	1065
18	0	1066
18	0	1067
18	0	1068
18	0	1069
18	0	107
18	0	1070
18	0	1071
18	0	1072
18	0	1073
18	0	1074
18	0	1075
18	0	1076
18	0	1077
18	0	1078
18	0	1079
18	0	108
18	0	1080
18	0	1081
18	0	1082
18	0	1083
18	0	1084
18	0	1085
18	0	1086
18	0	1087
18	0	1088
18	0	1089
18	0	109
18	0	1090
18	0	1091
18	0	1093
18	0	1094
18	0	1096
18	0	1097
18	0	1098
18	0	1099
18	0	11
18	0	110
18	0	1100
18	0	1101
18	0	1103
18	0	1105
18	0	1106
18	0	1107
18	0	1108
18	0	1109
18	0	111
18	0	1111
18	0	1112
18	0	1113
18	0	1114
18	0	1115
18	0	1116
18	0	1117
18	0	1119
18	0	1120
18	0	1121
18	0	1122
18	0	1123
18	0	1124
18	0	1125
18	0	1126
18	0	1128
18	0	1129
18	0	113
18	0	1130
18	0	1131
18	0	1133
18	0	1134
18	0	1135
18	0	1136
18	0	1137
18	0	1138
18	0	1139
18	0	114
18	0	1140
18	0	1141
18	0	1143
18	0	1145
18	0	1147
18	0	1149
18	0	115
18	0	1150
18	0	1151
18	0	1152
18	0	1154
18	0	1156
18	0	1158
18	0	116
18	0	1160
18	0	1161
18	0	1162
18	0	1163
18	0	1164
18	0	1165
18	0	1166
18	0	1167
18	0	1168
18	0	1169
18	0	117
18	0	1170
18	0	1171
18	0	1172
18	0	1173
18	0	1174
18	0	1176
18	0	1178
18	0	1179
18	0	118
18	0	1180
18	0	1181
18	0	1183
18	0	1184
18	0	1185
18	0	1186
18	0	119
18	0	1191
18	0	1192
18	0	1193
18	0	1194
18	0	1195
18	0	1196
18	0	1197
18	0	1198
18	0	1199
18	0	12
18	0	120
18	0	1200
18	0	1201
18	0	1203
18	0	1204
18	0	1207
18	0	1208
18	0	1209
18	0	121
18	0	1210
18	0	1211
18	0	1212
18	0	1215
18	0	1218
18	0	122
18	0	1220
18	0	1221
18	0	1222
18	0	1223
18	0	1224
18	0	1225
18	0	1226
18	0	1227
18	0	1228
18	0	1229
18	0	123
18	0	1230
18	0	1231
18	0	1232
18	0	1233
18	0	1234
18	0	1235
18	0	1236
18	0	1239
18	0	124
18	0	1240
18	0	1241
18	0	1245
18	0	1246
18	0	1248
18	0	1249
18	0	125
18	0	1251
18	0	1252
18	0	1255
18	0	1256
18	0	1257
18	0	1258
18	0	1259
18	0	126
18	0	1260
18	0	1262
18	0	1263
18	0	1266
18	0	1267
18	0	1268
18	0	1269
18	0	127
18	0	1270
18	0	1271
18	0	1273
18	0	1274
18	0	1276
18	0	1277
18	0	1278
18	0	1279
18	0	128
18	0	1280
18	0	1281
18	0	1282
18	0	1283
18	0	1284
18	0	1285
18	0	1286
18	0	1287
18	0	1288
18	0	1289
18	0	129
18	0	1290
18	0	1291
18	0	1292
18	0	1293
18	0	1294
18	0	1295
18	0	1296
18	0	1297
18	0	1298
18	0	1299
18	0	13
18	0	130
18	0	1301
18	0	1302
18	0	1304
18	0	1305
18	0	1306
18	0	131
18	0	1311
18	0	1312
18	0	1313
18	0	1314
18	0	1315
18	0	1316
18	0	1317
18	0	1318
18	0	132
18	0	1320
18	0	1321
18	0	1322
18	0	1323
18	0	1324
18	0	1326
18	0	1327
18	0	1328
18	0	1329
18	0	133
18	0	1330
18	0	1331
18	0	1332
18	0	1333
18	0	1334
18	0	1335
18	0	1336
18	0	1337
18	0	1338
18	0	1339
18	0	134
18	0	1340
18	0	1342
18	0	1343
18	0	1344
18	0	1345
18	0	1346
18	0	1347
18	0	1348
18	0	1349
18	0	135
18	0	1350
18	0	1353
18	0	1354
18	0	1355
18	0	1356
18	0	1358
18	0	1359
18	0	136
18	0	1361
18	0	1362
18	0	1363
18	0	1366
18	0	1368
18	0	137
18	0	1371
18	0	1374
18	0	1376
18	0	1377
18	0	1378
18	0	1379
18	0	138
18	0	1380
18	0	1381
18	0	1383
18	0	1386
18	0	1388
18	0	139
18	0	1390
18	0	1391
18	0	1392
18	0	1393
18	0	1394
18	0	1396
18	0	1398
18	0	1399
18	0	14
18	0	140
18	0	1400
18	0	1401
18	0	1402
18	0	1403
18	0	1405
18	0	1406
18	0	1407
18	0	1408
18	0	1409
18	0	141
18	0	1410
18	0	1411
18	0	1413
18	0	1415
18	0	1416
18	0	1417
18	0	1418
18	0	1419
18	0	142
18	0	1420
18	0	1422
18	0	1423
18	0	1426
18	0	1427
18	0	1428
18	0	1429
18	0	143
18	0	1430
18	0	1431
18	0	1432
18	0	1433
18	0	1435
18	0	1438
18	0	144
18	0	1441
18	0	1442
18	0	1443
18	0	1444
18	0	1446
18	0	1449
18	0	145
18	0	1450
18	0	1452
18	0	1453
18	0	1454
18	0	1455
18	0	1456
18	0	1457
18	0	1458
18	0	1459
18	0	146
18	0	1460
18	0	1461
18	0	1463
18	0	1464
18	0	1465
18	0	1466
18	0	1467
18	0	1468
18	0	1469
18	0	147
18	0	1471
18	0	1472
18	0	1473
18	0	1474
18	0	1475
18	0	1476
18	0	1477
18	0	1479
18	0	148
18	0	1480
18	0	1481
18	0	1485
18	0	1486
18	0	1488
18	0	1494
18	0	1495
18	0	1496
18	0	1497
18	0	1498
18	0	1499
18	0	15
18	0	150
18	0	1500
18	0	1502
18	0	1503
18	0	1504
18	0	1505
18	0	1506
18	0	1507
18	0	1509
18	0	151
18	0	1511
18	0	1512
18	0	1514
18	0	1516
18	0	1519
18	0	152
18	0	1520
18	0	1521
18	0	1522
18	0	1524
18	0	1525
18	0	1527
18	0	1529
18	0	153
18	0	1530
18	0	1532
18	0	1534
18	0	1535
18	0	1537
18	0	1538
18	0	154
18	0	1540
18	0	1541
18	0	1542
18	0	1543
18	0	1544
18	0	1545
18	0	1546
18	0	1548
18	0	155
18	0	1550
18	0	1551
18	0	1552
18	0	1553
18	0	1554
18	0	1556
18	0	1557
18	0	1561
18	0	1563
18	0	1565
18	0	1567
18	0	1568
18	0	1569
18	0	157
18	0	1570
18	0	1571
18	0	1573
18	0	1574
18	0	1575
18	0	1577
18	0	1579
18	0	158
18	0	1580
18	0	1582
18	0	1583
18	0	1584
18	0	1587
18	0	1588
18	0	1589
18	0	159
18	0	1590
18	0	1592
18	0	1593
18	0	1594
18	0	1595
18	0	1596
18	0	1598
18	0	1599
18	0	16
18	0	160
18	0	1600
18	0	1601
18	0	1602
18	0	1603
18	0	1604
18	0	1605
18	0	1606
18	0	1607
18	0	1608
18	0	1609
18	0	161
18	0	1610
18	0	1611
18	0	1612
18	0	1613
18	0	1614
18	0	1615
18	0	1616
18	0	1617
18	0	1619
18	0	162
18	0	1620
18	0	1622
18	0	1623
18	0	1624
18	0	1626
18	0	1629
18	0	163
18	0	1631
18	0	1632
18	0	1633
18	0	1634
18	0	1637
18	0	164
18	0	1640
18	0	1641
18	0	1642
18	0	1643
18	0	1644
18	0	1647
18	0	1648
18	0	1649
18	0	1650
18	0	1651
18	0	1652
18	0	1653
18	0	1654
18	0	1656
18	0	1657
18	0	1659
18	0	166
18	0	1661
18	0	1662
18	0	1663
18	0	1664
18	0	1665
18	0	1666
18	0	1667
18	0	1668
18	0	1669
18	0	167
18	0	1670
18	0	1671
18	0	1674
18	0	1675
18	0	1676
18	0	1677
18	0	1678
18	0	168
18	0	1680
18	0	1681
18	0	1682
18	0	1683
18	0	1685
18	0	1687
18	0	1688
18	0	1689
18	0	169
18	0	1690
18	0	1692
18	0	1694
18	0	1696
18	0	1699
18	0	17
18	0	170
18	0	1700
18	0	1701
18	0	1702
18	0	1703
18	0	1706
18	0	1708
18	0	171
18	0	1710
18	0	1711
18	0	1712
18	0	1713
18	0	1714
18	0	1715
18	0	1718
18	0	1719
18	0	172
18	0	1720
18	0	1722
18	0	1723
18	0	1724
18	0	1725
18	0	1727
18	0	1729
18	0	173
18	0	1730
18	0	1731
18	0	1732
18	0	1733
18	0	1734
18	0	1735
18	0	1736
18	0	1737
18	0	1738
18	0	1739
18	0	174
18	0	1741
18	0	1742
18	0	1748
18	0	175
18	0	1750
18	0	1751
18	0	1755
18	0	1758
18	0	1759
18	0	176
18	0	1760
18	0	1761
18	0	1762
18	0	1763
18	0	1764
18	0	1765
18	0	1766
18	0	1767
18	0	177
18	0	1771
18	0	1772
18	0	1775
18	0	1776
18	0	1777
18	0	1778
18	0	1779
18	0	178
18	0	1780
18	0	1782
18	0	1783
18	0	1787
18	0	1789
18	0	179
18	0	1790
18	0	1791
18	0	1792
18	0	1793
18	0	1796
18	0	1797
18	0	1798
18	0	1799
18	0	18
18	0	180
18	0	1800
18	0	1801
18	0	1802
18	0	1804
18	0	1805
18	0	1806
18	0	1808
18	0	1809
18	0	181
18	0	1810
18	0	1811
18	0	1812
18	0	1815
18	0	1817
18	0	1819
18	0	182
18	0	1820
18	0	1822
18	0	1823
18	0	1824
18	0	1825
18	0	1826
18	0	1827
18	0	183
18	0	1830
18	0	1833
18	0	1834
18	0	1835
18	0	1836
18	0	1837
18	0	1838
18	0	1839
18	0	184
18	0	1840
18	0	1842
18	0	1844
18	0	1845
18	0	1846
18	0	1847
18	0	1848
18	0	1849
18	0	185
18	0	1850
18	0	1851
18	0	1853
18	0	1854
18	0	1855
18	0	1856
18	0	1857
18	0	1858
18	0	1859
18	0	186
18	0	1861
18	0	1862
18	0	1863
18	0	1864
18	0	1865
18	0	1866
18	0	1867
18	0	1869
18	0	187
18	0	1870
18	0	1871
18	0	1873
18	0	1875
18	0	1876
18	0	1877
18	0	1878
18	0	1879
18	0	188
18	0	1880
18	0	1881
18	0	1882
18	0	1883
18	0	1884
18	0	1885
18	0	1886
18	0	1887
18	0	1888
18	0	189
18	0	1890
18	0	1891
18	0	1892
18	0	1893
18	0	1895
18	0	1897
18	0	1898
18	0	1899
18	0	19
18	0	190
18	0	1900
18	0	1901
18	0	1902
18	0	1903
18	0	1904
18	0	1905
18	0	1906
18	0	1908
18	0	1909
18	0	191
18	0	1910
18	0	1912
18	0	1913
18	0	1915
18	0	1916
18	0	1917
18	0	1918
18	0	192
18	0	1923
18	0	1926
18	0	1927
18	0	1928
18	0	1930
18	0	1931
18	0	1932
18	0	194
18	0	1946
18	0	1948
18	0	1949
18	0	195
18	0	1950
18	0	1951
18	0	1953
18	0	1954
18	0	1955
18	0	1956
18	0	1959
18	0	196
18	0	1961
18	0	1963
18	0	1964
18	0	1966
18	0	1967
18	0	1968
18	0	197
18	0	1970
18	0	1972
18	0	1973
18	0	1974
18	0	1975
18	0	1976
18	0	1978
18	0	1979
18	0	198
18	0	1980
18	0	1981
18	0	1982
18	0	1983
18	0	1984
18	0	1985
18	0	1986
18	0	1988
18	0	1989
18	0	199
18	0	1990
18	0	1991
18	0	1992
18	0	1993
18	0	1994
18	0	1995
18	0	1996
18	0	1998
18	0	2
18	0	20
18	0	200
18	0	2000
18	0	2001
18	0	2002
18	0	2003
18	0	2004
18	0	2005
18	0	2008
18	0	2009
18	0	201
18	0	2010
18	0	2011
18	0	2012
18	0	2013
18	0	2014
18	0	2015
18	0	2016
18	0	2017
18	0	2019
18	0	202
18	0	2021
18	0	2023
18	0	2024
18	0	2025
18	0	2026
18	0	2027
18	0	2028
18	0	203
18	0	2030
18	0	2031
18	0	2032
18	0	2034
18	0	2035
18	0	2036
18	0	2037
18	0	2038
18	0	2039
18	0	204
18	0	2041
18	0	2042
18	0	2043
18	0	2044
18	0	2045
18	0	2046
18	0	2049
18	0	205
18	0	2052
18	0	2053
18	0	2055
18	0	2056
18	0	2057
18	0	2058
18	0	2059
18	0	206
18	0	2060
18	0	2061
18	0	2062
18	0	2066
18	0	2067
18	0	2068
18	0	2069
18	0	207
18	0	2070
18	0	2071
18	0	2072
18	0	2073
18	0	2074
18	0	2079
18	0	208
18	0	2081
18	0	2082
18	0	2083
18	0	2084
18	0	2085
18	0	2086
18	0	2087
18	0	2088
18	0	2089
18	0	209
18	0	2094
18	0	2095
18	0	2096
18	0	2097
18	0	2098
18	0	21
18	0	210
18	0	2103
18	0	2105
18	0	2109
18	0	211
18	0	2110
18	0	2112
18	0	2115
18	0	2116
18	0	2117
18	0	2118
18	0	2119
18	0	212
18	0	2120
18	0	2121
18	0	2122
18	0	2123
18	0	2125
18	0	2126
18	0	2128
18	0	2129
18	0	213
18	0	2130
18	0	2132
18	0	2133
18	0	2134
18	0	2135
18	0	2136
18	0	2137
18	0	2138
18	0	214
18	0	2140
18	0	2141
18	0	2142
18	0	2143
18	0	2144
18	0	2145
18	0	2146
18	0	2148
18	0	2149
18	0	215
18	0	2150
18	0	2152
18	0	2154
18	0	2155
18	0	2156
18	0	2157
18	0	2158
18	0	216
18	0	2160
18	0	2161
18	0	2162
18	0	2163
18	0	2164
18	0	2166
18	0	2167
18	0	2168
18	0	2169
18	0	217
18	0	2170
18	0	2171
18	0	2172
18	0	2173
18	0	2174
18	0	2175
18	0	2176
18	0	2177
18	0	2178
18	0	2179
18	0	218
18	0	2180
18	0	2181
18	0	2183
18	0	2184
18	0	2185
18	0	2186
18	0	2187
18	0	2188
18	0	2189
18	0	219
18	0	2190
18	0	2192
18	0	2193
18	0	2194
18	0	2195
18	0	2196
18	0	2197
18	0	2199
18	0	22
18	0	220
18	0	2200
18	0	2201
18	0	2203
18	0	2205
18	0	2206
18	0	2207
18	0	2208
18	0	2209
18	0	221
18	0	2210
18	0	2211
18	0	2212
18	0	2215
18	0	2216
18	0	2217
18	0	2218
18	0	2219
18	0	222
18	0	2222
18	0	2223
18	0	2224
18	0	2228
18	0	2229
18	0	223
18	0	2230
18	0	2231
18	0	2232
18	0	2233
18	0	2234
18	0	2235
18	0	2237
18	0	2238
18	0	2239
18	0	224
18	0	2241
18	0	2242
18	0	2243
18	0	2244
18	0	2246
18	0	2247
18	0	2248
18	0	2249
18	0	225
18	0	2250
18	0	2251
18	0	2252
18	0	2253
18	0	2255
18	0	2256
18	0	2258
18	0	226
18	0	2260
18	0	2261
18	0	2262
18	0	2263
18	0	2264
18	0	2265
18	0	2267
18	0	2268
18	0	2269
18	0	227
18	0	2271
18	0	2272
18	0	2273
18	0	2274
18	0	2275
18	0	2277
18	0	2278
18	0	2279
18	0	228
18	0	2280
18	0	2282
18	0	2285
18	0	2286
18	0	2287
18	0	2288
18	0	229
18	0	2291
18	0	2294
18	0	2295
18	0	2296
18	0	2299
18	0	23
18	0	230
18	0	2301
18	0	2303
18	0	2304
18	0	2305
18	0	2306
18	0	2307
18	0	2308
18	0	231
18	0	2310
18	0	2313
18	0	2314
18	0	2315
18	0	2316
18	0	2317
18	0	2318
18	0	232
18	0	2321
18	0	2322
18	0	2323
18	0	2324
18	0	2330
18	0	2331
18	0	2332
18	0	2333
18	0	2335
18	0	2336
18	0	2337
18	0	2338
18	0	2339
18	0	234
18	0	2343
18	0	2344
18	0	2346
18	0	2347
18	0	2348
18	0	235
18	0	2351
18	0	2353
18	0	2354
18	0	2355
18	0	2358
18	0	2359
18	0	236
18	0	2361
18	0	2362
18	0	2367
18	0	2368
18	0	2369
18	0	237
18	0	2371
18	0	2372
18	0	2373
18	0	2374
18	0	2376
18	0	2377
18	0	2378
18	0	238
18	0	2381
18	0	2382
18	0	2383
18	0	2384
18	0	2385
18	0	2386
18	0	2389
18	0	239
18	0	2391
18	0	2392
18	0	2398
18	0	2399
18	0	24
18	0	240
18	0	2401
18	0	2403
18	0	2404
18	0	2405
18	0	2407
18	0	2408
18	0	2409
18	0	2410
18	0	2411
18	0	2412
18	0	2414
18	0	2415
18	0	2417
18	0	2418
18	0	242
18	0	2420
18	0	2421
18	0	2422
18	0	2423
18	0	2424
18	0	2427
18	0	243
18	0	2430
18	0	2431
18	0	2432
18	0	2434
18	0	2437
18	0	2438
18	0	2439
18	0	244
18	0	2441
18	0	2442
18	0	2443
18	0	2444
18	0	2445
18	0	2446
18	0	2447
18	0	245
18	0	2450
18	0	2451
18	0	2452
18	0	2453
18	0	2454
18	0	2455
18	0	2457
18	0	2458
18	0	2459
18	0	246
18	0	2461
18	0	2462
18	0	2463
18	0	2464
18	0	2467
18	0	2468
18	0	2469
18	0	247
18	0	2470
18	0	2471
18	0	2474
18	0	2475
18	0	2476
18	0	248
18	0	2482
18	0	2483
18	0	2484
18	0	2485
18	0	2486
18	0	2487
18	0	2488
18	0	2489
18	0	249
18	0	25
18	0	250
18	0	2500
18	0	2501
18	0	2502
18	0	2503
18	0	2504
18	0	2505
18	0	2508
18	0	2509
18	0	251
18	0	2510
18	0	2512
18	0	2514
18	0	2515
18	0	2516
18	0	2517
18	0	2518
18	0	2519
18	0	252
18	0	2520
18	0	2521
18	0	2525
18	0	2528
18	0	2529
18	0	253
18	0	2530
18	0	2531
18	0	2532
18	0	2534
18	0	2537
18	0	2538
18	0	2539
18	0	254
18	0	2540
18	0	2542
18	0	2544
18	0	2545
18	0	2546
18	0	2547
18	0	2549
18	0	255
18	0	2550
18	0	2551
18	0	2553
18	0	2554
18	0	2555
18	0	2556
18	0	2557
18	0	2558
18	0	2559
18	0	256
18	0	2560
18	0	2561
18	0	2562
18	0	2563
18	0	2565
18	0	2566
18	0	2567
18	0	2568
18	0	2569
18	0	257
18	0	2570
18	0	2571
18	0	2572
18	0	2575
18	0	2576
18	0	258
18	0	2584
18	0	2588
18	0	2589
18	0	259
18	0	2592
18	0	2593
18	0	2594
18	0	2595
18	0	2596
18	0	2597
18	0	2598
18	0	2599
18	0	26
18	0	260
18	0	2600
18	0	2601
18	0	2602
18	0	2603
18	0	2604
18	0	2605
18	0	2609
18	0	261
18	0	2611
18	0	2618
18	0	262
18	0	2622
18	0	2623
18	0	2624
18	0	2625
18	0	2626
18	0	2627
18	0	2628
18	0	2629
18	0	263
18	0	2630
18	0	2632
18	0	2633
18	0	2634
18	0	2636
18	0	2637
18	0	2639
18	0	264
18	0	2640
18	0	2642
18	0	2643
18	0	2645
18	0	2647
18	0	2648
18	0	2649
18	0	265
18	0	2650
18	0	2651
18	0	2652
18	0	2653
18	0	2654
18	0	2655
18	0	2657
18	0	2658
18	0	2659
18	0	266
18	0	2660
18	0	2662
18	0	2664
18	0	2665
18	0	2666
18	0	2667
18	0	2668
18	0	2669
18	0	2670
18	0	2672
18	0	2673
18	0	2674
18	0	2675
18	0	2676
18	0	2677
18	0	2678
18	0	2679
18	0	268
18	0	2683
18	0	2685
18	0	2687
18	0	2688
18	0	269
18	0	2690
18	0	2693
18	0	2694
18	0	2695
18	0	2696
18	0	2697
18	0	2698
18	0	2699
18	0	27
18	0	270
18	0	2703
18	0	2707
18	0	2708
18	0	2709
18	0	271
18	0	2710
18	0	2711
18	0	2713
18	0	2715
18	0	2716
18	0	2717
18	0	2718
18	0	2719
18	0	2722
18	0	2723
18	0	2724
18	0	273
18	0	274
18	0	275
18	0	2756
18	0	2757
18	0	2758
18	0	276
18	0	2762
18	0	2765
18	0	2769
18	0	277
18	0	2772
18	0	2773
18	0	2775
18	0	2776
18	0	2779
18	0	278
18	0	2780
18	0	2781
18	0	2783
18	0	2785
18	0	2786
18	0	2788
18	0	279
18	0	2790
18	0	2796
18	0	2797
18	0	2798
18	0	2799
18	0	28
18	0	280
18	0	2800
18	0	2801
18	0	2803
18	0	2805
18	0	2806
18	0	2807
18	0	2808
18	0	2809
18	0	281
18	0	2810
18	0	2811
18	0	2813
18	0	2819
18	0	2820
18	0	2822
18	0	2823
18	0	2824
18	0	2825
18	0	2826
18	0	2827
18	0	2828
18	0	2829
18	0	283
18	0	2832
18	0	2834
18	0	2835
18	0	2836
18	0	2837
18	0	2838
18	0	2839
18	0	284
18	0	2844
18	0	2846
18	0	2847
18	0	2849
18	0	285
18	0	2850
18	0	2851
18	0	2852
18	0	2855
18	0	2856
18	0	2857
18	0	2858
18	0	2859
18	0	286
18	0	2862
18	0	2863
18	0	2864
18	0	2865
18	0	2866
18	0	2867
18	0	2868
18	0	2869
18	0	287
18	0	2870
18	0	2876
18	0	2877
18	0	2879
18	0	288
18	0	2880
18	0	2881
18	0	2882
18	0	2883
18	0	2884
18	0	2885
18	0	2887
18	0	2888
18	0	2889
18	0	289
18	0	2890
18	0	2891
18	0	2892
18	0	2895
18	0	2896
18	0	2897
18	0	2898
18	0	29
18	0	290
18	0	2901
18	0	2902
18	0	2903
18	0	2905
18	0	2907
18	0	2908
18	0	2909
18	0	291
18	0	2910
18	0	2911
18	0	2912
18	0	2913
18	0	2915
18	0	2916
18	0	2917
18	0	2918
18	0	292
18	0	2922
18	0	2923
18	0	2924
18	0	2925
18	0	2926
18	0	2928
18	0	293
18	0	2930
18	0	2931
18	0	2932
18	0	2934
18	0	2935
18	0	2936
18	0	2937
18	0	294
18	0	2940
18	0	2941
18	0	2942
18	0	2943
18	0	2945
18	0	2946
18	0	2947
18	0	2948
18	0	2949
18	0	295
18	0	2950
18	0	2956
18	0	2957
18	0	2958
18	0	2959
18	0	296
18	0	2960
18	0	2965
18	0	2968
18	0	2969
18	0	297
18	0	2974
18	0	2975
18	0	2977
18	0	2978
18	0	2979
18	0	298
18	0	2981
18	0	2982
18	0	2987
18	0	299
18	0	2990
18	0	2992
18	0	2993
18	0	2994
18	0	2997
18	0	2998
18	0	3
18	0	30
18	0	300
18	0	3000
18	0	3003
18	0	3004
18	0	3005
18	0	3007
18	0	3008
18	0	3009
18	0	301
18	0	3011
18	0	3012
18	0	3013
18	0	3018
18	0	302
18	0	3021
18	0	3024
18	0	3025
18	0	3028
18	0	3029
18	0	303
18	0	3030
18	0	3031
18	0	3034
18	0	3035
18	0	3037
18	0	3039
18	0	3040
18	0	3041
18	0	3047
18	0	3049
18	0	305
18	0	3055
18	0	3056
18	0	3057
18	0	3058
18	0	3059
18	0	306
18	0	3060
18	0	3062
18	0	3063
18	0	3064
18	0	3065
18	0	3066
18	0	3067
18	0	3068
18	0	3069
18	0	307
18	0	3070
18	0	3071
18	0	3072
18	0	3073
18	0	3074
18	0	308
18	0	3081
18	0	3082
18	0	3083
18	0	3086
18	0	3087
18	0	3089
18	0	309
18	0	3090
18	0	3094
18	0	3097
18	0	3098
18	0	31
18	0	310
18	0	3101
18	0	3105
18	0	3106
18	0	3107
18	0	311
18	0	3110
18	0	3111
18	0	3112
18	0	3115
18	0	3116
18	0	3117
18	0	3118
18	0	3119
18	0	312
18	0	3120
18	0	3124
18	0	3125
18	0	3126
18	0	3130
18	0	3131
18	0	3132
18	0	3134
18	0	3135
18	0	3138
18	0	314
18	0	3140
18	0	3141
18	0	3143
18	0	3145
18	0	3146
18	0	3147
18	0	3148
18	0	3149
18	0	315
18	0	3150
18	0	3151
18	0	3152
18	0	3154
18	0	3155
18	0	3156
18	0	3157
18	0	3158
18	0	3159
18	0	316
18	0	3160
18	0	3161
18	0	3165
18	0	3167
18	0	317
18	0	3171
18	0	3177
18	0	318
18	0	3181
18	0	3185
18	0	3186
18	0	3187
18	0	3189
18	0	319
18	0	3192
18	0	3193
18	0	3194
18	0	3195
18	0	3196
18	0	3198
18	0	32
18	0	320
18	0	3200
18	0	3201
18	0	3204
18	0	321
18	0	3210
18	0	3212
18	0	3213
18	0	3214
18	0	3216
18	0	3219
18	0	322
18	0	3221
18	0	3228
18	0	323
18	0	3233
18	0	3234
18	0	3236
18	0	3237
18	0	3239
18	0	324
18	0	3242
18	0	3244
18	0	3245
18	0	3246
18	0	3249
18	0	325
18	0	3250
18	0	3251
18	0	3253
18	0	3256
18	0	3258
18	0	326
18	0	3263
18	0	3267
18	0	3270
18	0	3271
18	0	3277
18	0	3279
18	0	328
18	0	3280
18	0	3281
18	0	3282
18	0	3283
18	0	329
18	0	3294
18	0	3295
18	0	3296
18	0	3297
18	0	3299
18	0	33
18	0	330
18	0	3303
18	0	3308
18	0	331
18	0	3310
18	0	3311
18	0	3312
18	0	332
18	0	3322
18	0	3324
18	0	3325
18	0	3327
18	0	333
18	0	3334
18	0	3337
18	0	3338
18	0	3339
18	0	334
18	0	3343
18	0	3344
18	0	3345
18	0	3346
18	0	3347
18	0	3349
18	0	335
18	0	3350
18	0	3351
18	0	3352
18	0	3353
18	0	3354
18	0	3355
18	0	3357
18	0	3359
18	0	336
18	0	3363
18	0	3365
18	0	3366
18	0	337
18	0	3373
18	0	3374
18	0	3375
18	0	3376
18	0	3378
18	0	3379
18	0	338
18	0	3380
18	0	3381
18	0	3382
18	0	3383
18	0	339
18	0	3393
18	0	340
18	0	3407
18	0	3409
18	0	341
18	0	3410
18	0	3411
18	0	3414
18	0	3415
18	0	3416
18	0	3417
18	0	3418
18	0	3422
18	0	3424
18	0	3425
18	0	3426
18	0	3427
18	0	3428
18	0	343
18	0	3431
18	0	3434
18	0	3435
18	0	3436
18	0	3437
18	0	344
18	0	3442
18	0	3444
18	0	3447
18	0	3448
18	0	3449
18	0	3450
18	0	3459
18	0	346
18	0	3460
18	0	347
18	0	3471
18	0	3472
18	0	3476
18	0	3477
18	0	3478
18	0	3479
18	0	348
18	0	3481
18	0	3484
18	0	3485
18	0	3486
18	0	3488
18	0	3489
18	0	3490
18	0	3494
18	0	3496
18	0	3497
18	0	35
18	0	350
18	0	3500
18	0	3503
18	0	3506
18	0	3507
18	0	3508
18	0	351
18	0	3510
18	0	3512
18	0	3513
18	0	3514
18	0	3515
18	0	3516
18	0	352
18	0	3528
18	0	353
18	0	3533
18	0	3535
18	0	3536
18	0	3538
18	0	3539
18	0	354
18	0	3540
18	0	3541
18	0	3545
18	0	355
18	0	3551
18	0	3552
18	0	3553
18	0	3556
18	0	3557
18	0	3558
18	0	3559
18	0	356
18	0	3561
18	0	3562
18	0	3563
18	0	3564
18	0	3565
18	0	357
18	0	3570
18	0	3575
18	0	3576
18	0	3577
18	0	3578
18	0	3579
18	0	358
18	0	3581
18	0	3586
18	0	3588
18	0	3589
18	0	359
18	0	3591
18	0	3592
18	0	3596
18	0	3597
18	0	3599
18	0	36
18	0	3600
18	0	3601
18	0	3602
18	0	3609
18	0	361
18	0	3610
18	0	3611
18	0	3613
18	0	3614
18	0	3615
18	0	3617
18	0	3619
18	0	362
18	0	3621
18	0	3622
18	0	3623
18	0	3625
18	0	3626
18	0	3627
18	0	3628
18	0	3629
18	0	363
18	0	3630
18	0	3631
18	0	3632
18	0	3633
18	0	3635
18	0	3636
18	0	3637
18	0	3638
18	0	364
18	0	3643
18	0	3646
18	0	3648
18	0	3649
18	0	365
18	0	3650
18	0	3651
18	0	3653
18	0	3655
18	0	3657
18	0	3658
18	0	3659
18	0	366
18	0	3661
18	0	3662
18	0	3664
18	0	3666
18	0	3668
18	0	3669
18	0	367
18	0	3670
18	0	3675
18	0	368
18	0	3682
18	0	369
18	0	3690
18	0	3692
18	0	3693
18	0	3694
18	0	3695
18	0	3696
18	0	3697
18	0	3698
18	0	3699
18	0	37
18	0	370
18	0	3705
18	0	3707
18	0	3708
18	0	371
18	0	3711
18	0	3712
18	0	3713
18	0	3716
18	0	3718
18	0	3719
18	0	372
18	0	3720
18	0	3721
18	0	3722
18	0	3724
18	0	3727
18	0	373
18	0	3730
18	0	3738
18	0	374
18	0	3741
18	0	3742
18	0	3747
18	0	3749
18	0	375
18	0	3752
18	0	3753
18	0	3755
18	0	3756
18	0	3758
18	0	376
18	0	3762
18	0	3764
18	0	3766
18	0	377
18	0	3772
18	0	3773
18	0	378
18	0	3780
18	0	3781
18	0	3782
18	0	3784
18	0	3787
18	0	3788
18	0	379
18	0	3790
18	0	3791
18	0	3793
18	0	3797
18	0	38
18	0	380
18	0	3801
18	0	3802
18	0	3803
18	0	3805
18	0	3806
18	0	3807
18	0	3808
18	0	3809
18	0	381
18	0	3813
18	0	3818
18	0	382
18	0	3820
18	0	3821
18	0	3822
18	0	3825
18	0	3826
18	0	3827
18	0	3828
18	0	3829
18	0	383
18	0	3831
18	0	384
18	0	3843
18	0	3844
18	0	385
18	0	3850
18	0	3851
18	0	3853
18	0	386
18	0	3864
18	0	3865
18	0	3866
18	0	3867
18	0	387
18	0	388
18	0	3884
18	0	3886
18	0	3888
18	0	3889
18	0	389
18	0	3890
18	0	3891
18	0	3892
18	0	3893
18	0	3894
18	0	3896
18	0	3897
18	0	3898
18	0	3899
18	0	39
18	0	390
18	0	3904
18	0	3905
18	0	3907
18	0	3909
18	0	3914
18	0	3919
18	0	3921
18	0	3923
18	0	3924
18	0	3925
18	0	3927
18	0	3928
18	0	393
18	0	3930
18	0	3931
18	0	3937
18	0	3938
18	0	3939
18	0	394
18	0	3942
18	0	3944
18	0	3945
18	0	3946
18	0	3947
18	0	3948
18	0	3949
18	0	395
18	0	3951
18	0	3957
18	0	396
18	0	3960
18	0	3961
18	0	3965
18	0	3966
18	0	3967
18	0	3968
18	0	3969
18	0	397
18	0	3972
18	0	3974
18	0	398
18	0	3980
18	0	3981
18	0	3982
18	0	3983
18	0	3986
18	0	3988
18	0	3989
18	0	399
18	0	3996
18	0	3997
18	0	3998
18	0	4
18	0	40
18	0	400
18	0	4001
18	0	4002
18	0	4003
18	0	4004
18	0	4011
18	0	4013
18	0	4018
18	0	4021
18	0	4022
18	0	4024
18	0	4028
18	0	4029
18	0	403
18	0	4030
18	0	4031
18	0	4036
18	0	4037
18	0	4039
18	0	404
18	0	4040
18	0	4041
18	0	4044
18	0	4045
18	0	4046
18	0	4047
18	0	4049
18	0	405
18	0	4050
18	0	4062
18	0	407
18	0	4082
18	0	4083
18	0	409
18	0	4098
18	0	41
18	0	410
18	0	411
18	0	4111
18	0	4112
18	0	4113
18	0	4119
18	0	412
18	0	4126
18	0	4127
18	0	4128
18	0	413
18	0	4132
18	0	4137
18	0	4138
18	0	414
18	0	4142
18	0	4143
18	0	4144
18	0	4146
18	0	4147
18	0	4149
18	0	415
18	0	4150
18	0	4154
18	0	4155
18	0	4157
18	0	4158
18	0	4159
18	0	416
18	0	4160
18	0	4168
18	0	4169
18	0	417
18	0	4172
18	0	4173
18	0	418
18	0	419
18	0	42
18	0	420
18	0	421
18	0	4215
18	0	4217
18	0	4219
18	0	422
18	0	4220
18	0	4221
18	0	4223
18	0	4225
18	0	4226
18	0	4227
18	0	4229
18	0	423
18	0	4230
18	0	4232
18	0	4233
18	0	4235
18	0	424
18	0	4240
18	0	4241
18	0	4242
18	0	4245
18	0	4246
18	0	4247
18	0	425
18	0	4250
18	0	4253
18	0	4256
18	0	4258
18	0	426
18	0	4261
18	0	427
18	0	4273
18	0	4274
18	0	4275
18	0	4277
18	0	4278
18	0	428
18	0	4282
18	0	4283
18	0	4284
18	0	4285
18	0	4288
18	0	4289
18	0	4290
18	0	4291
18	0	4292
18	0	4294
18	0	4295
18	0	4298
18	0	4299
18	0	43
18	0	430
18	0	4300
18	0	4301
18	0	4305
18	0	431
18	0	4310
18	0	4311
18	0	4312
18	0	4313
18	0	4314
18	0	4315
18	0	4316
18	0	4317
18	0	4318
18	0	4319
18	0	432
18	0	4320
18	0	4321
18	0	4322
18	0	4323
18	0	4324
18	0	4325
18	0	4329
18	0	433
18	0	4330
18	0	4332
18	0	4333
18	0	4334
18	0	4335
18	0	4338
18	0	4339
18	0	434
18	0	4342
18	0	4349
18	0	435
18	0	4350
18	0	4351
18	0	4354
18	0	4355
18	0	436
18	0	4364
18	0	437
18	0	4372
18	0	4373
18	0	4374
18	0	4375
18	0	4376
18	0	4378
18	0	4379
18	0	4381
18	0	4382
18	0	4383
18	0	4384
18	0	4385
18	0	4388
18	0	4389
18	0	439
18	0	4390
18	0	4391
18	0	4392
18	0	4393
18	0	4394
18	0	4396
18	0	4398
18	0	44
18	0	440
18	0	4400
18	0	4402
18	0	4404
18	0	4405
18	0	4408
18	0	441
18	0	4410
18	0	4411
18	0	4413
18	0	4414
18	0	4415
18	0	4417
18	0	4418
18	0	442
18	0	4420
18	0	443
18	0	4430
18	0	4434
18	0	4436
18	0	444
18	0	4445
18	0	4446
18	0	4447
18	0	4448
18	0	4449
18	0	445
18	0	4450
18	0	4451
18	0	4454
18	0	4455
18	0	4457
18	0	446
18	0	4460
18	0	4461
18	0	4464
18	0	4465
18	0	4467
18	0	447
18	0	4472
18	0	4474
18	0	4476
18	0	4477
18	0	448
18	0	4480
18	0	4482
18	0	4492
18	0	4498
18	0	45
18	0	450
18	0	4500
18	0	4509
18	0	451
18	0	4510
18	0	4513
18	0	4518
18	0	4521
18	0	4525
18	0	453
18	0	4536
18	0	4537
18	0	454
18	0	4541
18	0	4543
18	0	4544
18	0	4546
18	0	4549
18	0	4551
18	0	4552
18	0	4553
18	0	4556
18	0	4557
18	0	4558
18	0	4559
18	0	456
18	0	4560
18	0	4561
18	0	4562
18	0	4563
18	0	4565
18	0	4569
18	0	457
18	0	4574
18	0	4576
18	0	4577
18	0	458
18	0	4583
18	0	4588
18	0	4589
18	0	4591
18	0	4594
18	0	4595
18	0	4597
18	0	4598
18	0	46
18	0	460
18	0	4602
18	0	4603
18	0	4604
18	0	4609
18	0	461
18	0	4613
18	0	4616
18	0	4618
18	0	462
18	0	4621
18	0	4622
18	0	4623
18	0	4624
18	0	4625
18	0	4626
18	0	4628
18	0	463
18	0	4633
18	0	4635
18	0	4636
18	0	4637
18	0	464
18	0	4641
18	0	4642
18	0	4644
18	0	4645
18	0	4646
18	0	4649
18	0	4651
18	0	4652
18	0	4653
18	0	4657
18	0	466
18	0	4660
18	0	4661
18	0	4663
18	0	4664
18	0	4665
18	0	4666
18	0	4667
18	0	4668
18	0	4669
18	0	467
18	0	4670
18	0	4671
18	0	4672
18	0	4673
18	0	4675
18	0	4676
18	0	4677
18	0	4678
18	0	4679
18	0	468
18	0	4680
18	0	4681
18	0	4682
18	0	4683
18	0	4684
18	0	4685
18	0	4686
18	0	4687
18	0	4688
18	0	469
18	0	4690
18	0	4691
18	0	4692
18	0	4693
18	0	4694
18	0	4696
18	0	4697
18	0	4698
18	0	4699
18	0	47
18	0	470
18	0	4701
18	0	4705
18	0	4706
18	0	471
18	0	4716
18	0	4717
18	0	472
18	0	4723
18	0	4728
18	0	473
18	0	4730
18	0	4732
18	0	4733
18	0	4734
18	0	4742
18	0	4743
18	0	4745
18	0	4746
18	0	4748
18	0	475
18	0	4752
18	0	4755
18	0	4756
18	0	476
18	0	4763
18	0	477
18	0	4771
18	0	4773
18	0	4774
18	0	4775
18	0	4777
18	0	478
18	0	4782
18	0	4783
18	0	4785
18	0	4787
18	0	479
18	0	4792
18	0	4794
18	0	4795
18	0	4796
18	0	4797
18	0	48
18	0	480
18	0	4802
18	0	4803
18	0	4805
18	0	4807
18	0	481
18	0	4811
18	0	4817
18	0	4819
18	0	482
18	0	4821
18	0	4823
18	0	4829
18	0	4831
18	0	4836
18	0	4837
18	0	4839
18	0	4845
18	0	4846
18	0	4847
18	0	485
18	0	4850
18	0	4851
18	0	4853
18	0	4858
18	0	4861
18	0	4863
18	0	4864
18	0	4869
18	0	487
18	0	488
18	0	489
18	0	4897
18	0	4899
18	0	490
18	0	4906
18	0	4907
18	0	4912
18	0	4913
18	0	4914
18	0	4917
18	0	4919
18	0	492
18	0	4920
18	0	4921
18	0	4922
18	0	4923
18	0	4926
18	0	4927
18	0	493
18	0	4931
18	0	4932
18	0	4934
18	0	4936
18	0	4939
18	0	494
18	0	4940
18	0	4942
18	0	4943
18	0	4945
18	0	4949
18	0	495
18	0	4950
18	0	4952
18	0	4953
18	0	4954
18	0	4955
18	0	4958
18	0	4959
18	0	496
18	0	4960
18	0	4961
18	0	4962
18	0	4963
18	0	4964
18	0	4967
18	0	4968
18	0	497
18	0	4971
18	0	4973
18	0	4974
18	0	4975
18	0	4979
18	0	498
18	0	4980
18	0	4982
18	0	4983
18	0	4984
18	0	499
18	0	4993
18	0	4996
18	0	4997
18	0	4998
18	0	5
18	0	50
18	0	500
18	0	5000
18	0	5001
18	0	5002
18	0	5003
18	0	501
18	0	502
18	0	503
18	0	504
18	0	5044
18	0	505
18	0	5051
18	0	5057
18	0	506
18	0	5061
18	0	5063
18	0	5065
18	0	5066
18	0	5067
18	0	5068
18	0	5069
18	0	507
18	0	5070
18	0	5071
18	0	5073
18	0	5075
18	0	5076
18	0	5077
18	0	508
18	0	5081
18	0	5082
18	0	5083
18	0	5087
18	0	509
18	0	5091
18	0	5092
18	0	5093
18	0	51
18	0	510
18	0	511
18	0	5110
18	0	5127
18	0	5128
18	0	513
18	0	514
18	0	5145
18	0	5147
18	0	5149
18	0	515
18	0	5150
18	0	5151
18	0	5153
18	0	516
18	0	5162
18	0	5163
18	0	5164
18	0	517
18	0	5170
18	0	5171
18	0	5172
18	0	5173
18	0	5174
18	0	5179
18	0	518
18	0	5180
18	0	5183
18	0	5184
18	0	519
18	0	5191
18	0	5193
18	0	5199
18	0	52
18	0	520
18	0	5200
18	0	5202
18	0	5204
18	0	5206
18	0	5207
18	0	5209
18	0	521
18	0	5219
18	0	5224
18	0	5225
18	0	5227
18	0	523
18	0	5233
18	0	5234
18	0	5235
18	0	5236
18	0	5237
18	0	5239
18	0	5241
18	0	5242
18	0	5243
18	0	5244
18	0	5248
18	0	5249
18	0	525
18	0	5251
18	0	5254
18	0	526
18	0	5262
18	0	5263
18	0	5266
18	0	5267
18	0	5269
18	0	527
18	0	5272
18	0	5273
18	0	5274
18	0	5279
18	0	528
18	0	5287
18	0	529
18	0	53
18	0	530
18	0	5301
18	0	5302
18	0	5303
18	0	5304
18	0	5306
18	0	5307
18	0	5308
18	0	531
18	0	5311
18	0	5319
18	0	532
18	0	5324
18	0	5325
18	0	5329
18	0	533
18	0	5331
18	0	534
18	0	535
18	0	536
18	0	5367
18	0	5368
18	0	537
18	0	5374
18	0	538
18	0	5387
18	0	539
18	0	54
18	0	540
18	0	5400
18	0	5401
18	0	5402
18	0	5403
18	0	5405
18	0	5406
18	0	5407
18	0	5408
18	0	5409
18	0	541
18	0	5414
18	0	5415
18	0	5416
18	0	542
18	0	5423
18	0	5424
18	0	543
18	0	5445
18	0	545
18	0	5456
18	0	546
18	0	5460
18	0	547
18	0	5475
18	0	5477
18	0	5478
18	0	5479
18	0	5480
18	0	5481
18	0	5482
18	0	5483
18	0	549
18	0	55
18	0	550
18	0	5500
18	0	5501
18	0	5502
18	0	5503
18	0	5505
18	0	5507
18	0	551
18	0	5512
18	0	5514
18	0	5516
18	0	552
18	0	5534
18	0	5536
18	0	5537
18	0	5538
18	0	554
18	0	5543
18	0	5544
18	0	5545
18	0	5547
18	0	5548
18	0	5549
18	0	5550
18	0	5554
18	0	556
18	0	5561
18	0	5563
18	0	5565
18	0	5566
18	0	5567
18	0	5568
18	0	557
18	0	5570
18	0	5571
18	0	5574
18	0	5575
18	0	558
18	0	5587
18	0	559
18	0	5592
18	0	56
18	0	560
18	0	5607
18	0	561
18	0	5610
18	0	5611
18	0	5612
18	0	5614
18	0	5615
18	0	5616
18	0	562
18	0	5621
18	0	5622
18	0	5624
18	0	5625
18	0	5626
18	0	5630
18	0	5631
18	0	5637
18	0	5638
18	0	5639
18	0	564
18	0	5640
18	0	5641
18	0	5646
18	0	5647
18	0	5649
18	0	565
18	0	5652
18	0	5656
18	0	5658
18	0	566
18	0	5660
18	0	5661
18	0	5664
18	0	5666
18	0	5668
18	0	5669
18	0	567
18	0	5672
18	0	5673
18	0	5675
18	0	568
18	0	5681
18	0	5684
18	0	5687
18	0	569
18	0	5690
18	0	5691
18	0	5693
18	0	5695
18	0	57
18	0	570
18	0	5700
18	0	5705
18	0	571
18	0	5713
18	0	5714
18	0	5718
18	0	572
18	0	5724
18	0	573
18	0	5730
18	0	5731
18	0	5733
18	0	5736
18	0	574
18	0	5742
18	0	5744
18	0	5746
18	0	5748
18	0	575
18	0	5755
18	0	576
18	0	5764
18	0	5765
18	0	5766
18	0	577
18	0	5770
18	0	5775
18	0	578
18	0	5785
18	0	579
18	0	5793
18	0	5794
18	0	580
18	0	5803
18	0	581
18	0	5810
18	0	5811
18	0	5813
18	0	5814
18	0	5816
18	0	5818
18	0	5820
18	0	5821
18	0	5825
18	0	5829
18	0	583
18	0	584
18	0	5847
18	0	5848
18	0	5849
18	0	585
18	0	586
18	0	5868
18	0	587
18	0	5870
18	0	5871
18	0	5873
18	0	5876
18	0	5880
18	0	5881
18	0	5882
18	0	5887
18	0	5898
18	0	59
18	0	590
18	0	5900
18	0	5901
18	0	5907
18	0	5914
18	0	5915
18	0	5918
18	0	592
18	0	593
18	0	5938
18	0	594
18	0	5949
18	0	595
18	0	5953
18	0	5959
18	0	596
18	0	597
18	0	5974
18	0	5977
18	0	5983
18	0	5985
18	0	5986
18	0	5987
18	0	5988
18	0	599
18	0	5997
18	0	6
18	0	60
18	0	600
18	0	601
18	0	6011
18	0	6013
18	0	6015
18	0	6017
18	0	6018
18	0	602
18	0	6020
18	0	6024
18	0	6025
18	0	6029
18	0	603
18	0	6030
18	0	6033
18	0	6034
18	0	6037
18	0	604
18	0	6040
18	0	605
18	0	6059
18	0	607
18	0	6072
18	0	6075
18	0	608
18	0	6081
18	0	609
18	0	6093
18	0	6095
18	0	6096
18	0	61
18	0	610
18	0	6107
18	0	611
18	0	6111
18	0	6116
18	0	612
18	0	6123
18	0	6127
18	0	613
18	0	614
18	0	615
18	0	616
18	0	617
18	0	618
18	0	6187
18	0	619
18	0	6192
18	0	62
18	0	620
18	0	621
18	0	622
18	0	6229
18	0	623
18	0	6237
18	0	6241
18	0	6243
18	0	6244
18	0	6247
18	0	6249
18	0	625
18	0	6252
18	0	6259
18	0	626
18	0	6260
18	0	6261
18	0	6266
18	0	627
18	0	6274
18	0	6277
18	0	628
18	0	6287
18	0	6288
18	0	629
18	0	6291
18	0	6292
18	0	6296
18	0	6298
18	0	6299
18	0	63
18	0	6300
18	0	6302
18	0	6303
18	0	631
18	0	6312
18	0	6317
18	0	6319
18	0	632
18	0	6320
18	0	6321
18	0	6326
18	0	6328
18	0	633
18	0	634
18	0	635
18	0	636
18	0	6363
18	0	6365
18	0	6368
18	0	637
18	0	6374
18	0	6375
18	0	6379
18	0	638
18	0	6380
18	0	6381
18	0	6386
18	0	639
18	0	64
18	0	641
18	0	642
18	0	6428
18	0	643
18	0	6430
18	0	6431
18	0	6434
18	0	6435
18	0	644
18	0	6442
18	0	6448
18	0	645
18	0	6451
18	0	6453
18	0	6454
18	0	6455
18	0	6456
18	0	646
18	0	6460
18	0	6466
18	0	6467
18	0	647
18	0	6470
18	0	6471
18	0	6472
18	0	6473
18	0	6475
18	0	6476
18	0	6478
18	0	6479
18	0	648
18	0	6480
18	0	6482
18	0	6485
18	0	6486
18	0	6487
18	0	6488
18	0	649
18	0	6490
18	0	6491
18	0	6493
18	0	6494
18	0	65
18	0	650
18	0	651
18	0	652
18	0	653
18	0	6536
18	0	654
18	0	656
18	0	657
18	0	658
18	0	6581
18	0	6582
18	0	6583
18	0	659
18	0	66
18	0	660
18	0	661
18	0	662
18	0	6627
18	0	6628
18	0	6629
18	0	663
18	0	6630
18	0	6633
18	0	6634
18	0	6635
18	0	6636
18	0	664
18	0	6647
18	0	6649
18	0	665
18	0	6651
18	0	6653
18	0	6654
18	0	6658
18	0	666
18	0	6660
18	0	668
18	0	6686
18	0	6687
18	0	6688
18	0	669
18	0	6696
18	0	67
18	0	670
18	0	6707
18	0	671
18	0	672
18	0	6731
18	0	6735
18	0	674
18	0	6744
18	0	675
18	0	6751
18	0	6752
18	0	6757
18	0	676
18	0	6768
18	0	677
18	0	6787
18	0	679
18	0	6795
18	0	6796
18	0	6797
18	0	68
18	0	680
18	0	6800
18	0	682
18	0	683
18	0	684
18	0	6846
18	0	685
18	0	6856
18	0	6857
18	0	6858
18	0	686
18	0	6861
18	0	687
18	0	6870
18	0	6875
18	0	6876
18	0	6879
18	0	688
18	0	6880
18	0	6889
18	0	689
18	0	6895
18	0	6897
18	0	69
18	0	690
18	0	6900
18	0	6902
18	0	6903
18	0	6904
18	0	6906
18	0	691
18	0	692
18	0	6925
18	0	6927
18	0	6928
18	0	693
18	0	6930
18	0	694
18	0	6940
18	0	6942
18	0	695
18	0	6956
18	0	696
18	0	6969
18	0	6973
18	0	6979
18	0	698
18	0	699
18	0	6992
18	0	6993
18	0	7
18	0	70
18	0	700
18	0	7003
18	0	7005
18	0	7006
18	0	7007
18	0	7009
18	0	701
18	0	7013
18	0	7017
18	0	7021
18	0	7022
18	0	7025
18	0	7027
18	0	703
18	0	705
18	0	706
18	0	707
18	0	7078
18	0	708
18	0	709
18	0	71
18	0	710
18	0	711
18	0	712
18	0	713
18	0	714
18	0	715
18	0	718
18	0	719
18	0	720
18	0	721
18	0	722
18	0	723
18	0	724
18	0	725
18	0	726
18	0	727
18	0	728
18	0	729
18	0	73
18	0	730
18	0	731
18	0	732
18	0	733
18	0	734
18	0	735
18	0	736
18	0	737
18	0	738
18	0	739
18	0	74
18	0	741
18	0	7411
18	0	7412
18	0	7414
18	0	7415
18	0	7416
18	0	7417
18	0	7418
18	0	7419
18	0	742
18	0	7420
18	0	7421
18	0	7422
18	0	7424
18	0	7426
18	0	7428
18	0	743
18	0	744
18	0	745
18	0	747
18	0	748
18	0	749
18	0	75
18	0	750
18	0	751
18	0	752
18	0	753
18	0	754
18	0	755
18	0	756
18	0	757
18	0	759
18	0	76
18	0	760
18	0	761
18	0	763
18	0	764
18	0	767
18	0	768
18	0	769
18	0	771
18	0	772
18	0	773
18	0	774
18	0	775
18	0	776
18	0	777
18	0	778
18	0	779
18	0	78
18	0	781
18	0	782
18	0	784
18	0	786
18	0	787
18	0	788
18	0	789
18	0	79
18	0	790
18	0	791
18	0	792
18	0	793
18	0	795
18	0	796
18	0	797
18	0	798
18	0	799
18	0	8
18	0	80
18	0	800
18	0	801
18	0	802
18	0	803
18	0	804
18	0	805
18	0	806
18	0	807
18	0	808
18	0	809
18	0	81
18	0	810
18	0	812
18	0	813
18	0	814
18	0	815
18	0	816
18	0	817
18	0	818
18	0	819
18	0	82
18	0	820
18	0	822
18	0	823
18	0	824
18	0	826
18	0	827
18	0	828
18	0	829
18	0	83
18	0	830
18	0	831
18	0	832
18	0	833
18	0	834
18	0	835
18	0	837
18	0	838
18	0	839
18	0	84
18	0	841
18	0	842
18	0	843
18	0	845
18	0	846
18	0	848
18	0	849
18	0	85
18	0	850
18	0	854
18	0	856
18	0	857
18	0	858
18	0	859
18	0	86
18	0	861
18	0	862
18	0	863
18	0	866
18	0	867
18	0	868
18	0	869
18	0	87
18	0	870
18	0	871
18	0	873
18	0	874
18	0	876
18	0	878
18	0	879
18	0	88
18	0	880
18	0	882
18	0	884
18	0	885
18	0	886
18	0	887
18	0	888
18	0	889
18	0	890
18	0	891
18	0	893
18	0	894
18	0	895
18	0	896
18	0	898
18	0	899
18	0	9
18	0	90
18	0	900
18	0	901
18	0	902
18	0	904
18	0	906
18	0	907
18	0	908
18	0	91
18	0	910
18	0	911
18	0	913
18	0	914
18	0	915
18	0	916
18	0	917
18	0	918
18	0	919
18	0	920
18	0	921
18	0	923
18	0	924
18	0	925
18	0	926
18	0	928
18	0	929
18	0	93
18	0	931
18	0	932
18	0	933
18	0	934
18	0	935
18	0	936
18	0	937
18	0	938
18	0	939
18	0	941
18	0	942
18	0	943
18	0	946
18	0	948
18	0	949
18	0	95
18	0	950
18	0	951
18	0	952
18	0	953
18	0	954
18	0	955
18	0	957
18	0	959
18	0	96
18	0	960
18	0	961
18	0	964
18	0	965
18	0	966
18	0	97
18	0	970
18	0	971
18	0	973
18	0	975
18	0	976
18	0	979
18	0	98
18	0	980
18	0	983
18	0	984
18	0	985
18	0	988
18	0	99
18	0	991
18	0	992
18	0	994
18	0	995
18	0	996
18	0	998
18	0	999
