result_no	generate_no	e_no	name	player	
17	1	1	シャラヴィス	なつ
17	1	2	スレイン・F・アッヘンバッハ	めヰり屋
17	1	3	ザナ	ベルト
17	1	4	ドリス＝ドワイズ	アスピナ
17	1	5	アンノウン	『隠者』のアルカナナイツ
17	1	6	コモン・センス	シフォン
17	1	7	チェヌリョーザイーミエ	ソトザキ
17	1	8	ラウルス・アートルム	キャタピラーG
17	1	9	アウラ・アウレリーラ	pit
17	1	10	Mrs.オルドハットマン＆ライチ	Mrs.オルドハットマン
17	1	11	ヤマガミ・ムカイ	pH7
17	1	12	カドセント＝エレガーシュ	はくぼく
17	1	13	烟玖	forest
17	1	14	闇	総元帥兼皇帝
17	1	16	ノムエドダオル	s
17	1	17	ズィガード・ダン・クラッシュ	ぷにる
17	1	18	シセラ	彗星精霊シセラさん
17	1	19	虚昏	六丸
17	1	20	『世界』	日夜
17	1	21	モーク・トレック	切り株
17	1	22	アルマ	はぐるま
17	1	23	トビー	ぬめぬめ
17	1	24	灰燼の魔女	ピザ
17	1	25	かぐや	月読
17	1	26	27代目のタビビト「ああああ」	ruin
17	1	27	きつねのたぬき	如月
17	1	29	アワリ	say
17	1	30	死線	死線PL
17	1	31	デカパイ少佐	たんしよ
17	1	32	ラーフ	いちにの
17	1	33	本臣結姫	のぶなが
17	1	34	メイカ・クリード	草刃LB
17	1	35	四野宮　真音	neuz
17	1	36	ケートゥ	リン
17	1	37	シヲ・アーユルナダ	水城待紘
17	1	38	ニール・E・C・A・ウエザラル	なかにし二朗
17	1	39	Y2トラウマギプス	匡祐。
17	1	40	アルレット＆クリスライン	gig
17	1	41	五月女　ナツ	じんしん
17	1	42	まりあ(同行時は前回設定を推奨)	閂
17	1	43	モニア	割引シール
17	1	44	氷の宰相	鶏生
17	1	45	アマリア	ぽっとん
17	1	46	強欲で無欲な悪魔ゴギョウ	独吐ドクヲ
17	1	47	やどりぎひめ	ひとで
17	1	48	ヴォヤーヨ･ヴェヤネ	25氏
17	1	49	相楽木リンド	Kuina
17	1	50	クロシェット	りんごん
17	1	51	ラブラヴィ＝ラヴァラヴェスト	cmang
17	1	52	信者A	喪失注文
17	1	53	ヤトア・フィグルムント・ラハクジアクス	まれみ
17	1	55	永久の夢遊者『ネラ』	空路(そらみち)
17	1	56	フィルバート	はね
17	1	57	シーレ	ま。
17	1	58	アルシェ・アグリシア	木製柵
17	1	59	サート	サート
17	1	61	アルメリリ	しろつめくさ
17	1	62	すいか	めろん
17	1	63	” ”	Km
17	1	64	クォート・ノックス	一河
17	1	65	エドアルド	千夜子
17	1	66	ジェイド＝サザンクロス	Kawamori
17	1	67	エケファトラシファ	manaf
17	1	68	コガミ＆テール	青ネコ神
17	1	69	切山 転拾	ミナト
17	1	71	煙奏者	ふらふ
17	1	72	鳩岡 野之子	虚クマー
17	1	74	絆の姫君と力の皇息	神覇万象/Shinha-B
17	1	75	キトナフ	ノノネヌ
17	1	76	レガート・ゲイト	歌蓮
17	1	78	ヒグルマ	らっきょ
17	1	80	エアリス・フローレンシア	白紙 あざれ
17	1	81	ワーティファナ・シェルザラディカ	やしん
17	1	83	アリーシア	暇神
17	1	84	夜桜	ゆの
17	1	85	月猫	月猫
17	1	86	バッドエンジェル・グリフ	守護神ホルン
17	1	87	〈わたし〉	未知
17	1	88	千里	半額
17	1	89	地獄の髑髏妖	ガストアルバイター's
17	1	92	桐味噌塗侍	水太
17	1	93	ハイハラ	フローズンS
17	1	95	名前を捨てた者	名も捨てた少年PL
17	1	97	NASと宇宙探索ロボ達	ぐりーんさむ大根
17	1	99	彗星	硝子
17	1	100	クラヴィス・クレイドル	SOUSE
17	1	103	ながれぼしのミリウ	つゆ
17	1	104	代理ちゃん	綾歌 銀鈴
17	1	105	白鬼祀里	舟野馬子
17	1	106	はぴこ	ぽて
17	1	110	アーノルド	KRNG
17	1	111	シュティル	YUMIR
17	1	112	【j-ⅩⅢ】喰らいしスォム	あどそん
17	1	113	ロズトア	やすかけ
17	1	117	デイ	泥
17	1	119	ツァラ・ツァラン	巫女瓜
17	1	122	捨て駒	鴉瓜
17	1	125	スライミー・ライム	Max
17	1	127	ミヤコ・Ｍ・ミュール	ＵＳ＠
17	1	128	ラー・アメンゼス	薩摩のかもねぎ
17	1	133	ウィンテル・ノワキ・ナギ	くらぷき
17	1	136	李紫涵	ω
17	1	137	『NN』	NoName
17	1	139	エルタ・ボルテック	こっとん
17	1	140	クラーズ・シー	ないしょ
17	1	141	　	黒
17	1	142	Gone Past	Hata.K
17	1	143	ネクサ・アツィルト	エクサ
17	1	144	天藍花	＊
17	1	149	ユハル	NEK
17	1	150	“Silent-Terror”	七星昴
17	1	154	フリージア	け～け
17	1	157	エミール・アレクサンダー	比良坂
17	1	158	ルディ・アレクサンダー	くさったおさとう
17	1	159	ケス	イチ
17	1	160	星巡りのコンステレイション	833
17	1	166	夢見坂 幽	夢幽
17	1	168	レナ・ウィルシア	キリアム・イェーガー
17	1	169	旅人	如月
17	1	173	くろいの	ラスラート
17	1	174	スフィリム＝ユウガ	まろみ
17	1	175	ペルラ	星
17	1	176	ソウルイーター・カルヴォス	トモッチ
17	1	177	竜魔法使い　ＤＣＲＮ	幻水
17	1	179	カシュー・トレンド	空定
17	1	181	虹掛山古墳	KuuleroV
17	1	184	デラシネ	はと
17	1	185	ヨシノ	欧柄
17	1	187	ミハク	島兎
17	1	188	光と影のディヴァイナー	ゆふ
17	1	189	大熊座のロカム	ちびわんこ
17	1	190	早川 千尋	椎名 有夜
17	1	195	ミーティ・クラウ	Ｈ．Ｍ
17	1	198	家津和佳菜	森羅
17	1	199	ベルカナ	skrige
17	1	202	ヤマツ	タムラベ
17	1	203	昴	セミ
17	1	204	フィルロズ・ハーロット	ィ
17	1	209	黒点のアルザーン	zook
17	1	210	ヒナ=ナナミ	しの
17	1	211	灰の歌姫エレナ	Silvance
17	1	213	蝙蝠傘男	つなかん
17	1	215	リベラ・キングリーヴス	綺桜
17	1	217	ラクサ・ストレイシープ	鈴風 鴻
17	1	218	陰下 知哉	塩
17	1	219	水竜姫ミィリス	mogu416
17	1	220	ユーグ＝ログ＝エイリアス	えりー
17	1	221	シリス	ゆめっぽい
17	1	222	黄金ニャベツ	つき
17	1	224	アレル･クランク	チーズ
17	1	227	渡辺あゆと	渡辺あゆとPL
17	1	231	うさぎのバニラ	Takuto
17	1	233	榊原　要	陸玄
17	1	234	白のヒトガタ	N
17	1	235	アンブロジア	P
17	1	237	クルセリウス・カルラ	闇乃王PL
17	1	240	Obladi_OreOle	風切快夢
17	1	242	ミザール	クアトロフォルマッジ
17	1	243	ウーリ・M・アルムスター	まーじ
17	1	245	メゴロオオザリガニ	elec.
17	1	246	ルト	肉
17	1	247	スペ・ストレン	黒岩さび
17	1	248	灰猫	おきよ
17	1	250	女神	puso
17	1	252	アルジオキサ	せーら
17	1	253	神への供物	花葉
17	1	254	螺寿雲	＋
17	1	255	締切	ぐるこさみん
17	1	256	緋色の狐	EvilFox
17	1	258	ヴォワヤジェールの料理人	音色（おといろ）
17	1	259	ジョーカー	漂馬
17	1	260	メイナード・ウォーカー	toki
17	1	261	シロ	シロ
17	1	262	フィクスト	ポー
17	1	265	はりねずみさん	はりねずみさんPL
17	1	270	シェルシェーリィ・Ｍ・ウェーハスハール	蒼咲
17	1	271	スクアーロ・ペスカドール	ヤッコイ
17	1	272	アカリ・クリムデリット	白
17	1	276	イモム氏	ダボンボ
17	1	277	ボウフラ	コウノセ
17	1	278	アウエーレ＝サリヴ・サリヴァン	ぎぃ。
17	1	283	エリュシアとマリシア	まりぃ
17	1	284	虫ちゃん	笛氷
17	1	285	コルネリア・S・プラターネ	ボノ
17	1	286	ジェイイガ＝ルノ＝ダナン	やまもと
17	1	287	ダリダ = マッツォーラ	ダリダ = マッツォーラ
17	1	288	ネルケ	やさか
17	1	290	ルブル＝ゼア＝ヴェール	あまみ
17	1	296	アリィズ：ベル・カラン・リィン	謎人
17	1	299	ルミエリ	ym
17	1	300	リーヴィア	werueru
17	1	301	アレックス・ドルミール	びぶらん
17	1	302	レイア・ドルミール	るるいる
17	1	303	クマダ	あすかパン
17	1	304	おやゆぴ	七ツ橋
17	1	306	くすりゆぴ	ゆじ。
17	1	307	ひとさしゆぴ	ゆ
17	1	308	こゆぴ	ゆ！K！
17	1	312	ライラ	奏
17	1	313	バルシャン・アルコサイス	さかみ　さち
17	1	314	ノアハ・ホプキンソン	うめぼし大納言
17	1	318	なかゆぴ	愚かな四足獣
17	1	320	シンセミア	ベスパ
17	1	321	眠り姫ドルミーレ	holo
17	1	323	マフィ=ドリゾリッド	ぼんさん
17	1	324	てるてるぼうず	Unununium
17	1	327	神様	来人（改β）
17	1	330	サンマ	マフ
17	1	331	大根	Cid
17	1	333	ハインツ	カミヤキサラ
17	1	334	エリストリア	tierkreis
17	1	339	ゲオルグ=シーカー	きし
17	1	341	ラムネ＆ミミ	やつふさいぶき
17	1	343	オーランド・ブライゼン	オーランド・ブライゼン
17	1	344	クーリエルフィ	Hrkz
17	1	347	ラヴァンダル・バナフセギー・ナビール	ディアボロス
17	1	348	天使　美月	ブランチェット
17	1	352	イルメナ	しのだ
17	1	356	野生化した猫	十戸
17	1	359	ガオール	ランプ
17	1	360	アデニウム	はこみ
17	1	361	棺桶の亡者	＾
17	1	362	聖女	3null砲
17	1	363	ソーン・ウォーカー	空理
17	1	368	イゼット・エヴェレン	はっぱたそ
17	1	369	黄金原さん	黄金原さん
17	1	370	紅茶の傀儡『星隈メグル』	おっとり刀
17	1	372	ローデヴェイク・ファン・デル・フーフン	甲殻類
17	1	373	スプジドグファスプ	山菜育ち
17	1	374	タンブル・ウィード	かっこ
17	1	375	花の妖精	flower
17	1	383	チーロ・チェルベット	雨酒
17	1	384	貴八社宮永遠	カセナ
17	1	389	テケシ・グラウンス	lagia
